              precision    recall  f1-score   support

           A       0.60      0.53      0.56       200
           B       0.62      0.84      0.71       200
           C       0.37      0.57      0.45       200
           D       0.82      0.52      0.64       200
           E       0.85      0.67      0.75       200
           F       0.70      0.60      0.65       200
           G       0.55      0.69      0.61       200
           H       0.61      0.56      0.59       200
           I       0.57      0.67      0.61       200
           J       0.55      0.67      0.60       200
           K       0.39      0.70      0.51       200
           L       0.36      0.66      0.46       200
           M       0.56      0.59      0.57       200
           N       0.64      0.68      0.66       200
           O       0.95      0.65      0.77       200
           P       0.67      0.83      0.74       200
           Q       0.84      0.65      0.73       200
           R       0.52      0.70      0.59       200
           S       0.98      0.51      0.67       200
           T       0.95      0.51      0.66       200
           U       0.91      0.53      0.67       200
           V       0.96      0.68      0.79       200
           W       0.81      0.91      0.85       200
           X       0.93      0.51      0.66       200
           Y       0.93      0.92      0.93       200
           Z       0.63      0.62      0.62       200
         del       0.70      0.69      0.69       200
     nothing       0.46      1.00      0.63       100
       space       1.00      0.01      0.02       200

    accuracy                           0.64      5700
   macro avg       0.70      0.64      0.64      5700
weighted avg       0.71      0.64      0.64      5700
