              precision    recall  f1-score   support

           A       0.84      0.50      0.63       500
           B       0.99      0.63      0.77       500
           C       0.88      0.76      0.82       500
           D       0.97      0.53      0.68       500
           E       0.97      0.56      0.71       500
           F       1.00      0.53      0.69       500
           G       0.99      0.54      0.70       500
           H       0.98      0.54      0.69       500
           I       0.98      0.89      0.93       500
           J       0.72      0.68      0.70       500
           K       1.00      0.50      0.67       500
           L       0.74      0.57      0.64       500
           M       0.64      0.66      0.65       500
           N       0.93      0.54      0.69       500
           O       0.88      0.53      0.67       500
           P       0.54      0.94      0.69       500
           Q       0.65      0.85      0.74       500
           R       0.72      0.62      0.67       500
           S       0.70      0.78      0.73       500
           T       0.46      0.81      0.59       500
           U       0.66      0.88      0.75       500
           V       0.95      0.84      0.89       500
           W       0.93      0.99      0.96       500
           X       0.92      0.53      0.68       500
           Y       0.53      0.93      0.67       500
           Z       0.33      1.00      0.50       500
         del       0.54      0.68      0.60       500
     nothing       0.66      1.00      0.80       500
       space       0.93      0.62      0.75       500

    accuracy                           0.70     14500
   macro avg       0.79      0.70      0.71     14500
weighted avg       0.79      0.70      0.71     14500
