              precision    recall  f1-score   support

           A       0.93      0.94      0.93       200
           B       0.96      0.94      0.95       200
           C       0.96      0.96      0.96       200
           D       0.94      0.94      0.94       200
           E       0.96      0.97      0.97       200
           F       0.98      0.94      0.96       200
           G       0.97      0.98      0.98       200
           H       0.96      0.97      0.97       200
           I       0.98      0.97      0.98       200
           J       0.98      0.98      0.98       200
           K       0.98      0.98      0.98       200
           L       0.97      1.00      0.98       200
           M       0.96      0.98      0.97       200
           N       0.98      0.96      0.97       200
           O       0.98      0.99      0.98       200
           P       0.98      0.98      0.98       200
           Q       0.98      0.97      0.98       200
           R       0.96      0.94      0.95       200
           S       0.98      0.98      0.98       200
           T       0.99      0.96      0.97       200
           U       0.94      0.99      0.96       200
           V       0.97      0.97      0.97       200
           W       0.99      0.97      0.98       200
           X       0.97      0.95      0.96       200
           Y       0.99      0.99      0.99       200
           Z       0.99      0.94      0.97       200
         del       0.97      1.00      0.99       200
     nothing       0.99      1.00      1.00       100
       space       0.97      0.98      0.97       200

    accuracy                           0.97      5700
   macro avg       0.97      0.97      0.97      5700
weighted avg       0.97      0.97      0.97      5700
