              precision    recall  f1-score   support

           A       0.78      0.26      0.38       200
           B       0.96      0.35      0.51       200
           C       0.44      0.40      0.42       200
           D       0.90      0.27      0.41       200
           E       0.92      0.34      0.50       200
           F       0.83      0.27      0.41       200
           G       0.87      0.30      0.45       200
           H       0.50      0.27      0.35       200
           I       0.75      0.58      0.65       200
           J       0.36      0.46      0.40       200
           K       0.75      0.27      0.40       200
           L       0.37      0.35      0.36       200
           M       0.35      0.35      0.35       200
           N       0.57      0.38      0.45       200
           O       0.72      0.32      0.44       200
           P       0.42      0.81      0.56       200
           Q       0.56      0.68      0.62       200
           R       0.36      0.65      0.46       200
           S       0.70      0.39      0.50       200
           T       0.36      0.42      0.39       200
           U       0.57      0.43      0.49       200
           V       0.74      0.66      0.70       200
           W       0.66      0.90      0.76       200
           X       0.86      0.28      0.42       200
           Y       0.58      0.92      0.71       200
           Z       0.17      0.65      0.27       200
         del       0.28      0.43      0.34       200
     nothing       0.65      1.00      0.79       100
       space       0.20      0.36      0.26       200

    accuracy                           0.46      5700
   macro avg       0.59      0.47      0.47      5700
weighted avg       0.59      0.46      0.47      5700
