              precision    recall  f1-score   support

           A       1.00      1.00      1.00       200
           B       1.00      1.00      1.00       200
           C       1.00      1.00      1.00       200
           D       1.00      1.00      1.00       200
           E       1.00      1.00      1.00       200
           F       1.00      1.00      1.00       200
           G       1.00      1.00      1.00       200
           H       1.00      1.00      1.00       200
           I       1.00      1.00      1.00       200
           J       1.00      1.00      1.00       200
           K       1.00      1.00      1.00       200
           L       1.00      1.00      1.00       200
           M       1.00      1.00      1.00       200
           N       1.00      1.00      1.00       200
           O       1.00      1.00      1.00       200
           P       1.00      1.00      1.00       200
           Q       1.00      1.00      1.00       200
           R       1.00      1.00      1.00       200
           S       1.00      1.00      1.00       200
           T       1.00      1.00      1.00       200
           U       1.00      1.00      1.00       200
           V       1.00      1.00      1.00       200
           W       1.00      1.00      1.00       200
           X       1.00      1.00      1.00       200
           Y       1.00      1.00      1.00       200
           Z       1.00      1.00      1.00       200
         del       1.00      1.00      1.00       200
     nothing       1.00      1.00      1.00       200
       space       1.00      1.00      1.00       200

    accuracy                           1.00      5800
   macro avg       1.00      1.00      1.00      5800
weighted avg       1.00      1.00      1.00      5800
